#Total packets received = 976696
#Packets with errors in payload = 0
#NodeID	Received	Errors	Error%
40001	4060	0	0.000000
40002	7995	0	0.000000
40003	4000	0	0.000000
40004	8000	0	0.000000
40005	7971	0	0.000000
40006	4806	0	0.000000
40007	4861	0	0.000000
40008	291	0	0.000000
40009	3997	0	0.000000
40010	3988	0	0.000000
40011	8000	0	0.000000
40012	10000	0	0.000000
40013	3992	0	0.000000
40014	8000	0	0.000000
40015	3898	0	0.000000
40016	3995	0	0.000000
40017	3992	0	0.000000
40018	2030	0	0.000000
40020	8000	0	0.000000
40021	6589	0	0.000000
40022	3997	0	0.000000
40023	5355	0	0.000000
40024	5105	0	0.000000
40025	3960	0	0.000000
40026	11642	0	0.000000
40027	4210	0	0.000000
40028	2662	0	0.000000
40029	10797	0	0.000000
40030	6465	0	0.000000
40031	5686	0	0.000000
40032	4000	0	0.000000
40033	4000	0	0.000000
40034	7335	0	0.000000
40035	10000	0	0.000000
40036	13966	0	0.000000
40037	12010	0	0.000000
40038	11595	0	0.000000
40039	4145	0	0.000000
40040	10378	0	0.000000
40041	14018	0	0.000000
40042	13992	0	0.000000
40043	15982	0	0.000000
40044	7654	0	0.000000
40045	11962	0	0.000000
40046	9969	0	0.000000
40047	9999	0	0.000000
40048	14992	0	0.000000
40049	2600	0	0.000000
40050	8000	0	0.000000
40051	10324	0	0.000000
40052	10470	0	0.000000
40053	1960	0	0.000000
40054	11838	0	0.000000
40055	15986	0	0.000000
40056	9443	0	0.000000
40057	12651	0	0.000000
40058	7313	0	0.000000
40059	4000	0	0.000000
40060	7429	0	0.000000
40061	11959	0	0.000000
40062	3959	0	0.000000
40063	3999	0	0.000000
40064	12031	0	0.000000
40065	5968	0	0.000000
40066	7681	0	0.000000
40067	5942	0	0.000000
40068	6057	0	0.000000
40069	4000	0	0.000000
40070	2221	0	0.000000
40071	5989	0	0.000000
40072	10522	0	0.000000
40073	5372	0	0.000000
40074	7975	0	0.000000
40075	1645	0	0.000000
40076	9566	0	0.000000
40077	4000	0	0.000000
40078	3874	0	0.000000
40079	2256	0	0.000000
40080	7033	0	0.000000
40081	11990	0	0.000000
40082	2000	0	0.000000
40083	9943	0	0.000000
40084	6000	0	0.000000
40085	13891	0	0.000000
40086	4791	0	0.000000
40087	9886	0	0.000000
40088	6588	0	0.000000
40089	10993	0	0.000000
40090	13898	0	0.000000
40091	7390	0	0.000000
40092	5939	0	0.000000
40093	4385	0	0.000000
40094	3025	0	0.000000
40095	6793	0	0.000000
40096	8000	0	0.000000
40097	7913	0	0.000000
40098	3997	0	0.000000
40099	5251	0	0.000000
40100	8974	0	0.000000
40101	11297	0	0.000000
40102	27	0	0.000000
40103	4000	0	0.000000
40104	9971	0	0.000000
40105	8000	0	0.000000
40106	5996	0	0.000000
40107	3960	0	0.000000
40108	2037	0	0.000000
40109	10499	0	0.000000
40110	8186	0	0.000000
40111	7811	0	0.000000
40112	9663	0	0.000000
40113	4709	0	0.000000
40114	6001	0	0.000000
40115	4001	0	0.000000
40116	7938	0	0.000000
40117	9963	0	0.000000
40118	5712	0	0.000000
40119	9992	0	0.000000
40120	7159	0	0.000000
40121	7999	0	0.000000
40122	7974	0	0.000000
40123	4000	0	0.000000
40124	4708	0	0.000000
40125	6088	0	0.000000
40126	9898	0	0.000000
40127	5736	0	0.000000
40128	6000	0	0.000000
40129	4000	0	0.000000
40130	4140	0	0.000000
40131	6118	0	0.000000
40132	9975	0	0.000000
40133	6114	0	0.000000
40134	8000	0	0.000000
40135	7391	0	0.000000
40136	7584	0	0.000000
40137	2000	0	0.000000
40138	6000	0	0.000000
40139	5998	0	0.000000
