#Total packets received = 935065
#Packets with errors in payload = 0
#NodeID	Received	Errors	Error%
40001	4065	0	0.000000
40002	7164	0	0.000000
40003	4000	0	0.000000
40004	8000	0	0.000000
40005	7998	0	0.000000
40006	4704	0	0.000000
40007	4692	0	0.000000
40008	222	0	0.000000
40009	3888	0	0.000000
40010	3983	0	0.000000
40011	8000	0	0.000000
40012	10000	0	0.000000
40013	3992	0	0.000000
40014	8000	0	0.000000
40015	4165	0	0.000000
40016	3996	0	0.000000
40017	3990	0	0.000000
40018	2005	0	0.000000
40019	1	0	0.000000
40020	8000	0	0.000000
40021	6501	0	0.000000
40022	3996	0	0.000000
40023	5377	0	0.000000
40024	4238	0	0.000000
40025	3974	0	0.000000
40026	11635	0	0.000000
40027	4396	0	0.000000
40028	2488	0	0.000000
40029	9669	0	0.000000
40030	5898	0	0.000000
40031	5645	0	0.000000
40032	4000	0	0.000000
40033	4000	0	0.000000
40034	7275	0	0.000000
40035	10000	0	0.000000
40036	13914	0	0.000000
40037	12011	0	0.000000
40038	11641	0	0.000000
40039	4102	0	0.000000
40040	10271	0	0.000000
40041	14035	0	0.000000
40042	13981	0	0.000000
40043	15977	0	0.000000
40044	7298	0	0.000000
40045	11998	0	0.000000
40046	9916	0	0.000000
40047	9913	0	0.000000
40048	13772	0	0.000000
40049	2677	0	0.000000
40050	8000	0	0.000000
40051	9994	0	0.000000
40052	10433	0	0.000000
40053	2000	0	0.000000
40054	11851	0	0.000000
40055	15935	0	0.000000
40056	9803	0	0.000000
40057	12308	0	0.000000
40058	7170	0	0.000000
40059	4000	0	0.000000
40060	7108	0	0.000000
40061	11999	0	0.000000
40062	3957	0	0.000000
40063	3883	0	0.000000
40064	12228	0	0.000000
40065	6031	0	0.000000
40066	7676	0	0.000000
40067	5919	0	0.000000
40068	6002	0	0.000000
40069	4000	0	0.000000
40070	2000	0	0.000000
40071	6011	0	0.000000
40072	11366	0	0.000000
40073	5171	0	0.000000
40074	8000	0	0.000000
40075	1969	0	0.000000
40076	9528	0	0.000000
40077	4000	0	0.000000
40078	4316	0	0.000000
40079	2252	0	0.000000
40080	6998	0	0.000000
40081	11995	0	0.000000
40082	2000	0	0.000000
40083	9553	0	0.000000
40084	6000	0	0.000000
40085	11754	0	0.000000
40086	6446	0	0.000000
40087	9831	0	0.000000
40088	6536	0	0.000000
40089	9414	0	0.000000
40090	12002	0	0.000000
40091	6918	0	0.000000
40092	6043	0	0.000000
40093	5565	0	0.000000
40094	2770	0	0.000000
40095	6584	0	0.000000
40096	6000	0	0.000000
40097	6126	0	0.000000
40098	4000	0	0.000000
40099	5165	0	0.000000
40100	8324	0	0.000000
40101	10422	0	0.000000
40102	1	0	0.000000
40103	4002	0	0.000000
40104	9909	0	0.000000
40105	7986	0	0.000000
40106	5986	0	0.000000
40107	3979	0	0.000000
40108	2266	0	0.000000
40109	8761	0	0.000000
40110	8319	0	0.000000
40111	7705	0	0.000000
40112	9585	0	0.000000
40113	5270	0	0.000000
40114	6149	0	0.000000
40115	4000	0	0.000000
40116	7894	0	0.000000
40117	8007	0	0.000000
40118	4952	0	0.000000
40119	8000	0	0.000000
40120	4776	0	0.000000
40121	6000	0	0.000000
40122	5962	0	0.000000
40123	4000	0	0.000000
40124	4133	0	0.000000
40125	6302	0	0.000000
40126	9797	0	0.000000
40127	3822	0	0.000000
40128	6010	0	0.000000
40129	4000	0	0.000000
40130	4083	0	0.000000
40131	4077	0	0.000000
40132	9962	0	0.000000
40133	4105	0	0.000000
40134	6000	0	0.000000
40135	6336	0	0.000000
40136	6054	0	0.000000
40137	2056	0	0.000000
40138	4000	0	0.000000
40139	4000	0	0.000000
